0 34 27 82 46 25 72 30 47 59
34 0 38 22 37 59 42 21 44 68
27 38 0 43 32 23 62 70 23 48
82 22 43 0 69 19 43 95 67 66
46 37 32 69 0 55 94 50 33 51
25 59 23 19 55 0 61 30 74 49
72 42 62 43 94 61 0 46 52 33
30 21 70 95 50 30 46 0 30 86
47 44 23 67 33 74 52 30 0 76
59 68 48 66 51 49 33 86 76 0